,,Roll No,Marks,Grade
301,0,6600581,095,A1
301,1,6603228,072,B2
301,2,6603229,073,B1
301,3,6603230,083,A2
301,4,6603231,063,C1
301,5,6603232,069,B2
301,6,6603233,089,A1
301,7,6603234,076,B1
301,8,6603235,081,A2
301,9,6603236,083,A2
301,10,6603237,071,B2
301,11,6603238,066,C1
301,12,6603239,087,A1
301,13,6603240,058,C2
301,14,6603241,084,A2
301,15,6603242,093,A1
301,16,6603243,065,C1
301,17,6603244,073,B1
301,18,6603245,088,A1
301,19,6603246,083,A2
301,20,6603247,071,B2
301,21,6603248,084,A2
301,22,6603249,087,A1
301,23,6603250,065,C1
301,24,6603251,085,A1
301,25,6603252,065,C1
301,26,6603253,073,B1
301,27,6603254,071,B2
301,28,6603255,084,A2
301,29,6603256,061,C1
301,30,6603257,090,A1
301,31,6603258,080,A2
301,32,6603259,078,B1
301,33,6603260,088,A1
301,34,6603261,064,C1
301,35,6603262,071,B2
301,36,6603263,083,A2
301,37,6603264,069,B2
301,38,6603265,080,A2
301,39,6603266,081,A2
301,40,6603267,072,B2
301,41,6603268,070,B2
301,42,6603269,091,A1
301,43,6603270,079,A2
301,44,6603271,066,C1
301,45,6603272,084,A2
301,46,6603273,070,B2
301,47,6603274,070,B2
301,48,6603275,084,A2
301,49,6603276,066,C1
301,50,6603277,065,C1
301,51,6603278,093,A1
301,52,6603279,063,C1
301,53,6603280,093,A1
301,54,6603281,071,B2
301,55,6603282,069,B2
301,56,6603283,074,B1
301,57,6603284,043,D1
301,58,6603285,063,C1
301,59,6603286,074,B1
301,60,6603287,061,C1
301,61,6603288,073,B1
301,62,6603289,080,A2
301,63,6603290,054,C2
301,64,6603291,073,B1
301,65,6603292,067,B2
301,66,6603293,051,D1
301,67,6603294,064,C1
301,68,6603295,062,C1
301,69,6603296,076,B1
301,70,6603297,058,C2
301,71,6603298,065,C1
301,72,6603299,052,D1
301,73,6603300,080,A2
301,74,6603301,063,C1
301,75,6603302,064,C1
301,76,6603303,074,B1
301,77,6603304,051,D1
301,78,6603305,068,B2
301,79,6603306,078,B1
301,80,6603307,078,B1
301,81,6603308,086,A1
301,82,6603309,072,B2
301,83,6603310,063,C1
301,84,6603311,081,A2
301,85,6603312,073,B1
301,86,6603313,069,B2
301,87,6603314,066,C1
301,88,6603315,070,B2
301,89,6603316,,
301,90,6603317,081,A2
301,91,6603318,074,B1
301,92,6603319,069,B2
301,93,6603320,066,C1
301,94,6603321,071,B2
301,95,6603322,066,C1
301,96,6603323,068,B2
301,97,6603324,063,C1
301,98,6603325,050,D1
301,99,6603326,053,C2
301,100,6603327,055,C2
301,101,6603328,067,B2
301,102,6603329,059,C2
301,103,6603330,063,C1
301,104,6603331,064,C1
301,105,6603332,079,A2
301,106,6603333,091,A1
301,107,6603334,063,C1
301,108,6603335,058,C2
301,109,6603336,083,A2
301,110,6603337,055,C2
301,111,6603338,076,B1
301,112,6603339,069,B2
301,113,6603340,071,B2
301,114,6603341,043,D1
301,115,6603342, ABA,
301,116,6603343,067,B2
301,117,6603344,049,D1
301,118,6603345,053,C2
301,119,6603346,066,C1
301,120,6603347,042,D2
301,121,6603348,072,B2
301,122,6603349,059,C2
301,123,6603350,039,D2
301,124,6603351,055,C2
301,125,6603352,050,D1
301,126,6603353,063,C1
301,127,6603354,049,D1
301,128,6603355,063,C1
301,129,6603356,044,D1
301,130,6603357,067,B2
301,131,6603358,058,C2
301,132,6603359,051,D1
301,133,6603360,060,C1
301,134,6603361,063,C1
301,135,6603362,063,C1
301,136,6603363,048,D1
301,137,6603364,057,C2
301,138,6603365,063,C1
301,139,6603366,068,B2
301,140,6603367,058,C2
301,141,6603368,046,D1
301,142,6603369,043,D1
301,143,6603370,058,C2
301,144,6603371,058,C2
301,145,6603372,057,C2
301,146,6603373,063,C1
301,147,6603374,066,C1
301,148,6603375,056,C2
301,149,6603376,078,B1
301,150,6603377,056,C2
041,0,6600581,065,B2
041,1,6603228,053,C1
041,2,6603229,095,A1
041,3,6603230,078,B1
041,4,6603231,053,C1
041,5,6603232,081,A2
041,6,6603233,094,A1
041,7,6603234,055,C1
041,8,6603235,091,A2
041,9,6603236,070,B1
041,10,6603237,039,D1
041,11,6603238,073,B1
041,12,6603239,052,C1
041,13,6603240,057,C1
041,14,6603241,080,B1
041,15,6603242,039,D1
041,16,6603243,033,D2
041,17,6603244,095,A1
041,18,6603245,079,B1
041,19,6603246,060,B2
041,20,6603247,017F,E
041,21,6603248,036,D2
041,22,6603249,078,B1
041,23,6603250,033,D2
041,24,6603251,069,B2
041,25,6603252,064,B2
041,26,6603253,095,A1
041,27,6603254,041,D1
041,28,6603255,091,A2
041,29,6603256,071,B1
041,30,6603257,087,A2
041,31,6603258,015F,E
041,32,6603259,086,A2
041,33,6603260,077,B1
041,34,6603261,086,A2
041,35,6603262,078,B1
041,36,6603263,077,B1
041,37,6603264,061,B2
041,38,6603265,095,A1
041,39,6603266,039,D1
041,40,6603267,078,B1
041,41,6603268,015F,E
041,42,6603269,095,A1
041,43,6603270,095,A1
041,44,6603271,040,D1
041,45,6603272,069,B2
041,46,6603273,095,A1
041,47,6603274,040,D1
041,48,6603275,065,B2
041,49,6603276,065,B2
041,50,6603277,094,A1
041,51,6603278,033,D2
041,52,6603279,050,C2
041,53,6603280,082,A2
041,54,6603281,095,A1
041,55,6603282,062,B2
041,56,6603283,082,A2
041,57,6603284,049,C2
041,58,6603285,059,C1
041,59,6603286,082,A2
041,60,6603287,077,B1
041,61,6603288,074,B1
041,62,6603289,073,B1
041,63,6603290,059,C1
041,64,6603291,044,C2
041,65,6603292,071,B1
041,66,6603293,041,D1
041,67,6603294,091,A2
041,68,6603295,041,D1
041,69,6603296,057,C1
041,70,6603297,062,B2
041,71,6603298,084,A2
041,72,6603299,039,D1
041,73,6603300,039,D1
041,74,6603301,039,D1
041,75,6603302,047,C2
041,76,6603303,077,B1
041,77,6603304,042,D1
041,78,6603305,066,B2
041,79,6603306,083,A2
041,80,6603307,064,B2
041,81,6603308,076,B1
041,82,6603309,062,B2
041,83,6603310,033,D2
041,84,6603311,045,C2
041,85,6603312,069,B2
041,86,6603313,039,D1
041,87,6603314,039,D1
041,88,6603315,065,B2
041,89,6603316,,
041,90,6603317,086,A2
041,91,6603318,068,B2
041,92,6603319,055,C1
041,93,6603321,039,D1
041,94,6603322,072,B1
041,95,6603323,073,B1
041,96,6603324,086,A2
041,97,6603325,046,C2
041,98,6603326,009F,E
041,99,6603327,060,B2
041,100,6603328,081,A2
041,101,6603329,066,B2
041,102,6603330,052,C1
041,103,6603331,067,B2
041,104,6603332,048,C2
041,105,6603333,088,A2
041,106,6603334,039,D1
041,107,6603335,091,A2
041,108,6603336,085,A2
041,109,6603338,046,C2
041,110,6603339,039,D1
041,111,6603340,096,A1
041,112,6603341,060,B2
041,113,6603342, ABA,
041,114,6603346,033,D2
041,115,6603371,033,D2
041,116,6603372,010F,E
041,117,6603373,042,D1
041,118,6603374,039,D1
041,119,6603375,010F,E
041,120,6603376,058,C1
041,121,6603377,040,D1
042,0,6600581,075,B1
042,1,6603228,090,A1
042,2,6603229,092,A1
042,3,6603230,073,B1
042,4,6603231,073,B1
042,5,6603232,080,A2
042,6,6603233,085,A1
042,7,6603234,082,A2
042,8,6603235,087,A1
042,9,6603236,067,B2
042,10,6603237,071,B1
042,11,6603238,064,C1
042,12,6603239,064,C1
042,13,6603240,071,B1
042,14,6603241,087,A1
042,15,6603242,061,C1
042,16,6603243,056,D1
042,17,6603244,091,A1
042,18,6603245,083,A2
042,19,6603246,085,A1
042,20,6603247,060,C1
042,21,6603248,053,D1
042,22,6603249,079,A2
042,23,6603250,061,C1
042,24,6603251,075,B1
042,25,6603252,071,B1
042,26,6603253,090,A1
042,27,6603254,058,C2
042,28,6603255,083,A2
042,29,6603256,067,B2
042,30,6603257,082,A2
042,31,6603258,057,C2
042,32,6603259,094,A1
042,33,6603260,072,B1
042,34,6603261,088,A1
042,35,6603262,071,B1
042,36,6603263,050,D2
042,37,6603264,086,A1
042,38,6603265,092,A1
042,39,6603266,055,D1
042,40,6603267,081,A2
042,41,6603268,067,B2
042,42,6603269,078,A2
042,43,6603270,095,A1
042,44,6603271,063,C1
042,45,6603272,069,B2
042,46,6603273,087,A1
042,47,6603274,066,B2
042,48,6603275,067,B2
042,49,6603276,068,B2
042,50,6603277,091,A1
042,51,6603278,056,D1
042,52,6603279,060,C1
042,53,6603280,093,A1
042,54,6603281,089,A1
042,55,6603282,076,A2
042,56,6603283,077,A2
042,57,6603284,057,C2
042,58,6603285,070,B1
042,59,6603286,084,A1
042,60,6603287,078,A2
042,61,6603288,066,B2
042,62,6603289,079,A2
042,63,6603290,065,B2
042,64,6603291,057,C2
042,65,6603292,073,B1
042,66,6603293,056,D1
042,67,6603294,085,A1
042,68,6603295,056,D1
042,69,6603296,078,A2
042,70,6603297,062,C1
042,71,6603298,077,A2
042,72,6603299,055,D1
042,73,6603300,057,C2
042,74,6603301,057,C2
042,75,6603302,058,C2
042,76,6603303,085,A1
042,77,6603304,065,B2
042,78,6603305,069,B2
042,79,6603306,090,A1
042,80,6603307,078,A2
042,81,6603308,080,A2
042,82,6603309,066,B2
042,83,6603310,071,B1
042,84,6603311,075,B1
042,85,6603312,086,A1
042,86,6603313,067,B2
042,87,6603314,052,D2
042,88,6603315,080,A2
042,89,6603316,,
042,90,6603317,083,A2
042,91,6603318,082,A2
042,92,6603319,071,B1
042,93,6603320,055,D1
042,94,6603321,072,B1
042,95,6603322,068,B2
042,96,6603323,078,A2
042,97,6603324,089,A1
042,98,6603325,074,B1
042,99,6603326,059,C2
042,100,6603327,079,A2
042,101,6603328,087,A1
042,102,6603329,074,B1
042,103,6603330,070,B1
042,104,6603331,078,A2
042,105,6603332,071,B1
042,106,6603333,072,B1
042,107,6603334,055,D1
042,108,6603335,087,A1
042,109,6603336,078,A2
042,110,6603337,063,C1
042,111,6603338,075,B1
042,112,6603339,050,D2
042,113,6603340,089,A1
042,114,6603341,066,B2
042,115,6603342,029FT,E
042,116,6603343,074,B1
042,117,6603377,054,D1
043,0,6600581,042FP,E
043,1,6603228,077,B1
043,2,6603229,093,A1
043,3,6603230,083,A2
043,4,6603231,073,B2
043,5,6603232,087,A2
043,6,6603233,094,A1
043,7,6603234,070,B2
043,8,6603235,075,B1
043,9,6603236,079,B1
043,10,6603237,052,D2
043,11,6603238,062,C2
043,12,6603239,076,B1
043,13,6603240,062,C2
043,14,6603241,085,A2
043,15,6603242,058,C2
043,16,6603243,060,C2
043,17,6603244,093,A1
043,18,6603245,080,A2
043,19,6603246,085,A2
043,20,6603247,056,D1
043,21,6603248,056,D1
043,22,6603249,082,A2
043,23,6603250,061,C2
043,24,6603251,072,B2
043,25,6603252,066,C1
043,26,6603253,087,A2
043,27,6603254,071,B2
043,28,6603255,075,B1
043,29,6603256,068,B2
043,30,6603257,095,A1
043,31,6603258,057,D1
043,32,6603259,095,A1
043,33,6603260,085,A2
043,34,6603261,082,A2
043,35,6603262,075,B1
043,36,6603263,063,C1
043,37,6603264,068,B2
043,38,6603265,095,A1
043,39,6603266,061,C2
043,40,6603267,073,B2
043,41,6603268,056,D1
043,42,6603269,090,A1
043,43,6603270,093,A1
043,44,6603271,061,C2
043,45,6603272,062,C2
043,46,6603273,084,A2
043,47,6603274,060,C2
043,48,6603275,071,B2
043,49,6603276,058,C2
043,50,6603277,088,A1
043,51,6603278,056,D1
043,52,6603279,061,C2
043,53,6603280,095,A1
043,54,6603281,087,A2
043,55,6603282,068,B2
043,56,6603283,070,B2
043,57,6603284,059,C2
043,58,6603285,066,C1
043,59,6603286,088,A1
043,60,6603287,079,B1
043,61,6603288,066,C1
043,62,6603289,080,A2
043,63,6603290,074,B1
043,64,6603291,061,C2
043,65,6603292,073,B2
043,66,6603293,071,B2
043,67,6603294,085,A2
043,68,6603295,056,D1
043,69,6603296,083,A2
043,70,6603297,064,C1
043,71,6603298,073,B2
043,72,6603299,057,D1
043,73,6603300,060,C2
043,74,6603301,051,D2
043,75,6603302,057,D1
043,76,6603303,072,B2
043,77,6603304,059,C2
043,78,6603305,091,A1
043,79,6603306,075,B1
043,80,6603307,069,B2
043,81,6603308,089,A1
043,82,6603309,060,C2
043,83,6603310,060,C2
043,84,6603311,073,B2
043,85,6603312,076,B1
043,86,6603313,058,C2
043,87,6603314,050,D2
043,88,6603315,065,C1
043,89,6603316,,
043,90,6603317,091,A1
043,91,6603318,063,C1
043,92,6603319,059,C2
043,93,6603320,056,D1
043,94,6603321,056,D1
043,95,6603322,069,B2
043,96,6603323,064,C1
043,97,6603324,076,B1
043,98,6603325,057,D1
043,99,6603326,051,D2
043,100,6603327,062,C2
043,101,6603328,067,C1
043,102,6603329,069,B2
043,103,6603330,060,C2
043,104,6603331,064,C1
043,105,6603332,058,C2
043,106,6603333,059,C2
043,107,6603334,050,D2
043,108,6603335,069,B2
043,109,6603336,068,B2
043,110,6603337,056,D1
043,111,6603338,067,C1
043,112,6603339,038FT,E
043,113,6603340,086,A2
043,114,6603341,058,C2
043,115,6603342,030FT,E
043,116,6603343,069,B2
043,117,6603377,051,D2
044,0,6600581,057FP,E
044,1,6603228,086,A2
044,2,6603229,093,A1
044,3,6603230,080,B1
044,4,6603231,073,C1
044,5,6603232,078,B2
044,6,6603233,095,A1
044,7,6603234,087,A2
044,8,6603235,092,A2
044,9,6603236,081,B1
044,10,6603237,076,B2
044,11,6603238,070,C1
044,12,6603239,069,C1
044,13,6603240,061,D1
044,14,6603241,093,A1
044,15,6603242,084,B1
044,16,6603243,058,D1
044,17,6603244,095,A1
044,18,6603245,073,C1
044,19,6603246,085,B1
044,20,6603247,065,C2
044,21,6603248,059,D1
044,22,6603249,095,A1
044,23,6603250,072,C1
044,24,6603251,064,C2
044,25,6603252,058,D1
044,26,6603253,086,A2
044,27,6603254,065,C2
044,28,6603255,095,A1
044,29,6603256,079,B2
044,30,6603257,089,A2
044,31,6603258,070,C1
044,32,6603259,094,A1
044,33,6603260,087,A2
044,34,6603261,095,A1
044,35,6603262,079,B2
044,36,6603263,065,C2
044,37,6603264,095,A1
044,38,6603265,095,A1
044,39,6603266,064,C2
044,40,6603304,054,D2
044,41,6603305,084,B1
044,42,6603306,095,A1
044,43,6603307,088,A2
044,44,6603308,095,A1
044,45,6603309,071,C1
044,46,6603310,068,C1
044,47,6603311,093,A1
044,48,6603312,093,A1
044,49,6603313,084,B1
044,50,6603314,064,C2
044,51,6603315,090,A2
044,52,6603316,,
044,53,6603317,096,A1
044,54,6603318,095,A1
044,55,6603320,069,C1
044,56,6603321,081,B1
044,57,6603322,085,B1
044,58,6603323,079,B2
044,59,6603324,089,A2
044,60,6603325,085,B1
044,61,6603326,059,D1
044,62,6603327,066,C2
044,63,6603328,094,A1
044,64,6603330,071,C1
044,65,6603332,081,B1
044,66,6603333,095,A1
044,67,6603334,068,C1
044,68,6603335,090,A2
044,69,6603336,091,A2
044,70,6603337,070,C1
044,71,6603338,093,A1
044,72,6603339,063,C2
044,73,6603343,074,B2
044,74,6603377,061,D1
083,0,6603267,075,B2
083,1,6603268,065,C2
083,2,6603269,085,A2
083,3,6603270,089,A1
083,4,6603271,070,C1
083,5,6603272,072,B2
083,6,6603273,092,A1
083,7,6603274,066,C2
083,8,6603275,073,B2
083,9,6603276,077,B1
083,10,6603277,088,A2
083,11,6603278,063,C2
083,12,6603279,061,D1
083,13,6603280,095,A1
083,14,6603281,093,A1
083,15,6603282,086,A2
083,16,6603283,082,B1
083,17,6603284,077,B1
083,18,6603285,085,A2
083,19,6603286,086,A2
083,20,6603287,092,A1
083,21,6603288,084,A2
083,22,6603289,091,A1
083,23,6603290,073,B2
083,24,6603291,081,B1
083,25,6603292,072,B2
083,26,6603293,068,C1
083,27,6603294,085,A2
083,28,6603295,068,C1
083,29,6603296,083,A2
083,30,6603297,069,C1
083,31,6603298,087,A2
083,32,6603299,064,C2
083,33,6603300,068,C1
083,34,6603301,061,D1
083,35,6603302,069,C1
083,36,6603303,086,A2
083,37,6603319,069,C1
083,38,6603329,063,C2
083,39,6603331,076,B2
083,40,6603337,057,D1
083,41,6603340,088,A2
083,42,6603341,054,D2
083,43,6603342,028FT,E
083,44,6603343,067,C1
083,45,6603365,054,D2
083,46,6603366,054,D2
083,47,6603367,050,D2
083,48,6603368,051,D2
083,49,6603369,052,D2
083,50,6603370,041FT,E
302,0,6603320,082,A2
302,1,6603344,084,A2
302,2,6603345,092,A1
302,3,6603347,076,B2
302,4,6603348,093,A1
302,5,6603349,075,B2
302,6,6603350,091,A1
302,7,6603351,084,A2
302,8,6603352,088,A1
302,9,6603353,078,B1
302,10,6603354,074,B2
302,11,6603355,081,B1
302,12,6603356,051,D2
302,13,6603357,084,A2
302,14,6603358,076,B2
302,15,6603359,083,A2
302,16,6603360,085,A2
302,17,6603361,082,A2
302,18,6603362,079,B1
302,19,6603363,058,D1
302,20,6603364,088,A1
030,0,6603344,051,C1
030,1,6603345,056,B2
030,2,6603346,067,B1
030,3,6603347,076,A2
030,4,6603348,067,B1
030,5,6603349,079,A2
030,6,6603350,042,C2
030,7,6603351,058,B2
030,8,6603352,065,B1
030,9,6603353,057,B2
030,10,6603354,052,B2
030,11,6603355,081,A1
030,12,6603356,040,D1
030,13,6603357,069,A2
030,14,6603358,078,A2
030,15,6603359,063,B1
030,16,6603360,071,A2
030,17,6603361,064,B1
030,18,6603362,085,A1
030,19,6603363,041,C2
030,20,6603364,088,A1
030,21,6603365,077,A2
030,22,6603366,045,C1
030,23,6603367,064,B1
030,24,6603368,057,B2
030,25,6603369,057,B2
030,26,6603370,057,B2
030,27,6603371,056,B2
030,28,6603372,046,C1
030,29,6603373,073,A2
030,30,6603374,046,C1
030,31,6603375,058,B2
030,32,6603376,085,A1
054,0,6603344,043,D1
054,1,6603345,083,A2
054,2,6603346,046,C2
054,3,6603347,057,C1
054,4,6603348,067,B2
054,5,6603349,053,C2
054,6,6603350,053,C2
054,7,6603351,060,C1
054,8,6603352,046,C2
054,9,6603353,067,B2
054,10,6603354,040,D2
054,11,6603355,062,B2
054,12,6603356,016F,E
054,13,6603357,079,A2
054,14,6603358,069,B2
054,15,6603359,065,B2
054,16,6603360,070,B1
054,17,6603361,051,C2
054,18,6603362,063,B2
054,19,6603363,040,D2
054,20,6603364,055,C1
054,21,6603365,045,D1
054,22,6603366,055,C1
054,23,6603367,040,D2
054,24,6603368,020F,E
054,25,6603369,056,C1
054,26,6603370,040,D2
054,27,6603371,033,D2
054,28,6603372,055,C1
054,29,6603373,040,D2
054,30,6603374,065,B2
054,31,6603375,040,D2
054,32,6603376,070,B1
055,0,6603344,055,C2
055,1,6603345,055,C2
055,2,6603346,046,D1
055,3,6603347,056,C1
055,4,6603348,065,B2
055,5,6603349,054,C2
055,6,6603350,044,D2
055,7,6603351,053,C2
055,8,6603352,053,C2
055,9,6603353,045,D1
055,10,6603354,025FT,E
055,11,6603355,054,C2
055,12,6603356,045,D1
055,13,6603357,054,C2
055,14,6603358,048,D1
055,15,6603359,058,C1
055,16,6603360,059,C1
055,17,6603361,050,D1
055,18,6603362,061,C1
055,19,6603363,021FT,E
055,20,6603364,066,B2
055,21,6603365,053,C2
055,22,6603366,043,D2
055,23,6603367,044,D2
055,24,6603368,045,D1
055,25,6603369,043,D2
055,26,6603370,046,D1
055,27,6603371,055,C2
055,28,6603372,045,D1
055,29,6603373,070,B1
055,30,6603374,045,D1
055,31,6603375,054,C2
055,32,6603376,078,A2
